# https://github.com/1to9only/essentially-different-minlex-grids

001   1007170
002  25502082
003  16538087
004   8417906
005  48737791
006  96229042
007  15765443
008   5306280
009   8136013
010  47174193
011  46788396
012  46177270
013  15340394
014  45397270
015  45600758
016   1631576
017  15093541
018  45101600
019  44832423
020  88782526
021  44036568
022  85627559
023  42711122
024  85102373
025  41847039
026  41335391
027   4455504
028  41102914
029   4591391
030   4664261
031  13606209
032  40697707
033  80468663
034  79175610
035  77979783
036  38536298
037  76146967
038  74505665
039  74154564
040  72171447
041  36053455
042  70552290
043  69437575
044  67978951
045  33904021
046  66337407
047  65880161
048  64996381
049  63898062
050  62192220
051  61691475
052  60192385
053  29966384
054  29734495
055  58731513
056  57263818
057  57033275
058  55394556
059  55022930
060  54018514
061  52964870
062  52242492
063  51245000
064  50540742
065  49644127
066  49190978
067  24077300
068  47978806
069  47059527
070  46231581
071  22715795
072  44778204
073  44053469
074  43401907
075  21398806
076  42061440
077  41316125
078  40571245
079  40282447
080  39233218
081  38522319
082  37881913
083  37460193
084  18460204
085  36127803
086  35584769
087  34821531
088  34334716
089  33769162
090  33174401
091  32520037
092  31945541
093  31221072
094  30579410
095  29977732
096  29390061
097  14518368
098  14372444
099  28268021
100  27849953
101  13768854
102  26929453
103  26382806
104   4359314
105  25997296
106  25467197
107  24888528
108  24423300
109  23988326
110  23541927
111  23070530
112  22609142
113  22100458
114  10879514
115  21378062
116  20985174
117  20674972
118  20107116
119  19854606
120   9732970
121  19084488
122   9491325
123  18532281
124   9142485
125  18075269
126  17675306
127  17545752
128  16990098
129   8369473
130  16406705
131  16189996
132  15791769
133   2613345
134  15362664
135  15272476
136  14918036
137   7254450
138  14383075
139   7011714
140  13738161
141  13445152
142   6593805
143  12918117
144   6403269
145  12568136
146  12354720
147  12036469
148   5931073
149   5949060
150  11577852
151  11435633
152  11155974
153  10671486
154  10525735
155  10188634
156  10059617
157   9805813
158   9629320
159   9490222
160   9280124
161   8844112
162   8628099
163   8429593
164   8227144
165   7998287
166   7813413
167   3839149
168   7548052
169   7349287
170   7146807
171   6993422
172   6828801
173   6674911
174   6476248
175   3166465
176   6205963
177   6040631
178   5882934
179   5812748
180   5615082
181   5461387
182   5367414
183   5222068
184   5072949
185   4918277
186   4778878
187   4641003
188   4539624
189   4407284
190   2186822
191   4220821
192   4158097
193   4070158
194   3857103
195   3785628
196   3693474
197   3555681
198   3453089
199   3345667
200   3252227
201   3165254
202   3064062
203   2966309
204   2932890
205   2841380
206   2701985
207   2628788
208   2532198
209   2443960
210   1243959
211   2317171
212   2357854
213   1137589
214   1083228
215   2183311
216   2244753
217   2143677
218   2100798
219   1007465
220   1970315
221   1841722
222   1873099
223   1772301
224    347777
225   1968442
226   1677704
227   1521001
228   1498734
229   1515366
230   1457098
231   1331185
232   1279569
233   1262013
234   1218744
235    386642
236   1182963
237    570172
238   1111083
239   1076551
240    167032
241    533940
242   1048083
243    974591
244    967788
245    455310
246    915249
247    500537
248    783336
249    822496
250    377256
251    408556
252    437792
253    387029
254    140436
255    361962
256    354702
257    675674
258    661737
259    313209
260    623191
261    546083
262    524804
263    534167
264    503384
265    464985
266    461786
267    441645
268    418773
269    424148
270    378441
271    361885
272    360821
273    176161
274    172023
275    165927
276    154694
277    150664
278    309399
279    144927
280    141820
281    137601
282    287667
283    246093
284    123480
285    124070
286    116970
287    117351
288    110418
289     37988
290    109351
291    211267
292    209636
293    189161
294    188766
295    171584
296    152633
297    147806
298     70955
299    133302
300    139754
301    119226
302     20203
303     62246
304     63613
305     69669
306     58811
307     21225
308     56942
309     55120
310     49427
311     91869
312     89983
313     80765
314     43270
315     74594
316     69012
317     73627
318     62449
319     59123
320     57580
321     47910
322     44876
323     46852
324     46002
325     40108
326     37300
327     36969
328     31504
329     28919
330     27982
331     29202
332     25098
333     20652
334     10105
335     19471
336     18996
337     17212
338     14780
339     13660
340     12324
341     10597
342      9562
343      9012
344      8215
345      7261
346      3569
347      7136
348       455
349      2935
350      2990
351      4836
352      2156
353      2141
354      1959
355      4171
356      3376
357      3171
358      3150
359       647
360      1528
361      2484
362      2233
363      1930
364      1353
365      1368
366      1232
367      1667
368       925
369       872
370       928
371       808
372       560
373       757
374       451
375       245
376       333
377       156
378       193
379       161
380        23
381       163
382       154
383       111
384       124
385        87
386        49
387        66
388       125
389        27
390        59
391        19
392        41
393         2
394        16
395         0
396        11
397         0
398         0
399        10
400         0
401         1
402         0
403         0
404         0
405         4
406         0
407        19
408         0
409         0
410         0
411         3
412         0
413         0
414         0
415         0
416         1

